2.670	31.000	17.000	13.000
1.350	75.000	20.000	18.000
1.792	144.000	27.000	24.000
4.306	226.000	36.000	30.000
8.934	198.000	50.000	40.000
6.804	148.000	64.000	55.000
2.924	46.000	76.000	72.000
4.149	203.000	89.000	83.000
5.779	90.000	104.000	96.000
4.259	121.000	118.000	112.000
2.147	-27.000	126.000	123.000
6.468	-109.000	136.000	129.000
7.778	-180.000	149.000	142.000
2.131	-21.000	154.000	151.000
3.500	-58.000	158.000	155.000
8.547	-110.000	171.000	164.000
6.612	197.000	185.000	176.000
2.787	172.000	197.000	193.000
2.909	74.000	210.000	206.000
0.718	0.000	217.000	216.000
2.841	78.000	225.000	221.000
2.838	67.000	238.000	234.000
1.417	7.000	245.000	243.000
2.874	47.000	251.000	247.000
1.390	12.000	259.000	257.000
2.146	180.000	265.000	262.000
5.476	75.000	276.000	272.000
8.306	-116.000	289.000	277.000
2.184	43.000	297.000	294.000
3.638	110.000	305.000	300.000
2.823	183.000	318.000	314.000
3.182	-270.000	325.000	321.000
6.867	-129.000	341.000	332.000
7.258	-121.000	355.000	345.000
6.729	-172.000	369.000	360.000
1.432	-15.000	376.000	374.000
3.524	-35.000	380.000	377.000
-294.437	-211.000	0.000	383.000
0.000	0.000	0.000	0.000
0.000	0.000	0.000	0.000
0.000	0.000	0.000	0.000
0.000	0.000	0.000	0.000
0.000	0.000	0.000	0.000
0.000	0.000	0.000	0.000
0.000	0.000	0.000	0.000
0.000	0.000	0.000	0.000
