1.495	102.000	8.000	6.000
2.854	70.000	17.000	13.000
1.464	8.000	24.000	22.000
0.687	4.000	30.000	29.000
1.374	8.000	33.000	31.000
6.108	133.000	47.000	38.000
2.104	98.000	56.000	53.000
6.715	90.000	70.000	61.000
0.746	7.000	75.000	74.000
1.472	24.000	80.000	78.000
2.991	27.000	84.000	81.000
3.716	31.000	93.000	88.000
2.218	31.000	102.000	99.000
0.695	13.000	108.000	107.000
0.695	-2.000	112.000	111.000
2.924	-45.000	117.000	114.000
0.812	4.000	121.000	120.000
0.796	8.000	125.000	124.000
1.976	6.000	140.000	137.000
2.662	70.000	147.000	143.000
0.785	-16.000	152.000	151.000
6.945	-176.000	168.000	159.000
12.398	-156.000	187.000	175.000
1.546	-4.000	195.000	193.000
2.288	121.000	204.000	201.000
6.848	43.000	213.000	209.000
1.518	4.000	218.000	216.000
2.170	32.000	226.000	223.000
2.245	27.000	231.000	228.000
3.779	39.000	240.000	235.000
0.757	4.000	244.000	243.000
2.943	61.000	253.000	249.000
1.452	24.000	258.000	256.000
3.873	86.000	266.000	261.000
2.312	70.000	278.000	275.000
1.411	13.000	284.000	282.000
5.944	54.000	290.000	285.000
0.785	-12.000	294.000	293.000
3.959	-105.000	306.000	301.000
3.592	105.000	315.000	310.000
1.526	24.000	320.000	318.000
4.024	82.000	336.000	330.000
0.691	4.000	341.000	340.000
4.215	71.000	352.000	346.000
2.943	39.000	359.000	355.000
3.881	-43.000	368.000	363.000
-297.154	-81.000	0.000	369.000
0.000	0.000	0.000	0.000
0.000	0.000	0.000	0.000
0.000	0.000	0.000	0.000
0.000	0.000	0.000	0.000
0.000	0.000	0.000	0.000
0.000	0.000	0.000	0.000
0.000	0.000	0.000	0.000
0.000	0.000	0.000	0.000
0.000	0.000	0.000	0.000
0.000	0.000	0.000	0.000
0.000	0.000	0.000	0.000
