2.881	0.000	8.000	4.000
3.627	0.000	22.000	17.000
4.223	0.000	36.000	30.000
0.649	0.000	44.000	43.000
10.782	0.000	67.000	54.000
2.126	0.000	76.000	73.000
5.770	0.000	88.000	80.000
9.853	0.000	111.000	97.000
3.479	0.000	122.000	117.000
2.151	0.000	130.000	127.000
5.295	0.000	140.000	134.000
3.049	0.000	148.000	144.000
4.595	0.000	157.000	151.000
4.465	0.000	166.000	160.000
4.387	0.000	176.000	170.000
1.468	0.000	184.000	182.000
4.985	0.000	194.000	187.000
0.664	0.000	196.000	195.000
0.746	0.000	201.000	200.000
3.123	0.000	207.000	203.000
1.446	0.000	214.000	212.000
4.140	0.000	228.000	222.000
1.495	0.000	232.000	230.000
2.583	0.000	244.000	240.000
3.923	0.000	255.000	249.000
3.322	0.000	264.000	259.000
0.703	0.000	268.000	267.000
5.203	0.000	279.000	272.000
2.182	0.000	285.000	283.000
5.082	0.000	295.000	288.000
2.877	0.000	304.000	300.000
3.591	0.000	313.000	308.000
4.219	0.000	323.000	317.000
3.585	0.000	333.000	328.000
1.990	0.000	336.000	334.000
2.266	0.000	343.000	340.000
11.221	0.000	362.000	350.000
3.821	0.000	371.000	367.000
0.802	0.000	375.000	374.000
2.417	0.000	380.000	377.000
2.373	0.000	384.000	381.000
1.538	0.000	387.000	385.000
4.502	0.000	396.000	390.000
0.000	0.000	0.000	0.000
0.000	0.000	0.000	0.000
0.000	0.000	0.000	0.000
0.000	0.000	0.000	0.000
0.000	0.000	0.000	0.000
0.000	0.000	0.000	0.000
0.000	0.000	0.000	0.000
0.000	0.000	0.000	0.000
0.000	0.000	0.000	0.000
