3.517	0.000	6.000	2.000
1.730	0.000	11.000	9.000
2.666	0.000	17.000	14.000
2.752	0.000	22.000	19.000
2.643	0.000	27.000	24.000
2.608	0.000	33.000	30.000
2.678	0.000	38.000	35.000
2.689	0.000	44.000	41.000
2.597	0.000	50.000	47.000
2.679	0.000	55.000	52.000
2.569	0.000	61.000	58.000
2.581	0.000	67.000	64.000
2.647	0.000	72.000	69.000
1.788	0.000	77.000	75.000
2.565	0.000	83.000	80.000
2.596	0.000	88.000	85.000
2.678	0.000	94.000	91.000
1.710	0.000	99.000	97.000
3.424	0.000	106.000	102.000
2.534	0.000	111.000	108.000
2.568	0.000	117.000	114.000
2.561	0.000	123.000	120.000
1.639	0.000	128.000	126.000
2.503	0.000	134.000	131.000
2.503	0.000	140.000	137.000
2.565	0.000	146.000	143.000
2.455	0.000	152.000	149.000
2.483	0.000	158.000	155.000
2.545	0.000	164.000	161.000
2.468	0.000	170.000	167.000
3.271	0.000	176.000	172.000
2.471	0.000	181.000	178.000
2.495	0.000	188.000	185.000
2.600	0.000	193.000	190.000
3.365	0.000	200.000	196.000
2.603	0.000	205.000	202.000
2.483	0.000	211.000	208.000
3.349	0.000	217.000	213.000
1.651	0.000	222.000	220.000
3.306	0.000	229.000	225.000
2.463	0.000	234.000	231.000
2.483	0.000	240.000	237.000
2.507	0.000	246.000	243.000
2.447	0.000	252.000	249.000
2.542	0.000	257.000	254.000
2.468	0.000	264.000	261.000
3.369	0.000	270.000	266.000
2.522	0.000	275.000	272.000
2.443	0.000	281.000	278.000
2.424	0.000	287.000	284.000
2.459	0.000	293.000	290.000
3.350	0.000	300.000	296.000
2.440	0.000	306.000	303.000
2.483	0.000	311.000	308.000
2.464	0.000	317.000	314.000
2.467	0.000	323.000	320.000
2.553	0.000	329.000	326.000
2.538	0.000	334.000	331.000
2.518	0.000	341.000	338.000
-296.133	0.000	0.000	343.000
0.000	0.000	0.000	0.000
