3.249	121.000	7.000	3.000
3.287	121.000	15.000	11.000
3.225	94.000	23.000	19.000
4.044	137.000	32.000	27.000
6.872	203.000	46.000	38.000
5.671	172.000	58.000	51.000
5.857	164.000	70.000	63.000
5.157	207.000	82.000	76.000
5.165	215.000	93.000	87.000
5.044	254.000	104.000	98.000
5.834	222.000	116.000	109.000
5.957	242.000	127.000	120.000
6.122	281.000	139.000	132.000
5.062	188.000	150.000	144.000
4.314	254.000	160.000	155.000
5.028	246.000	172.000	166.000
3.517	106.000	181.000	177.000
2.623	-85.000	187.000	184.000
2.674	63.000	194.000	191.000
5.180	218.000	207.000	201.000
4.239	161.000	216.000	211.000
5.886	250.000	229.000	222.000
4.954	140.000	239.000	233.000
4.384	215.000	249.000	244.000
3.081	125.000	259.000	255.000
3.170	70.000	267.000	263.000
3.100	121.000	274.000	270.000
6.735	309.000	290.000	282.000
5.312	180.000	301.000	295.000
4.326	109.000	311.000	306.000
5.169	234.000	323.000	317.000
4.248	223.000	334.000	329.000
-293.209	148.000	0.000	340.000
0.000	0.000	0.000	0.000
0.000	0.000	0.000	0.000
0.000	0.000	0.000	0.000
0.000	0.000	0.000	0.000
