2.620	109.000	10.000	7.000
3.412	137.000	16.000	12.000
2.588	78.000	21.000	18.000
2.514	98.000	27.000	24.000
2.511	78.000	33.000	30.000
2.436	94.000	39.000	36.000
1.588	55.000	43.000	41.000
4.200	106.000	49.000	45.000
4.193	66.000	58.000	53.000
4.157	136.000	67.000	62.000
3.334	117.000	74.000	70.000
3.420	97.000	81.000	77.000
3.353	114.000	89.000	85.000
3.357	129.000	97.000	93.000
3.424	117.000	105.000	101.000
3.455	93.000	112.000	108.000
3.284	132.000	120.000	116.000
4.220	109.000	128.000	123.000
4.387	106.000	136.000	131.000
4.201	125.000	144.000	139.000
4.338	136.000	152.000	147.000
3.401	105.000	159.000	155.000
3.526	144.000	166.000	162.000
4.462	184.000	174.000	169.000
3.459	114.000	181.000	177.000
3.506	144.000	189.000	185.000
3.545	129.000	196.000	192.000
3.499	82.000	202.000	199.000
3.463	128.000	210.000	206.000
4.197	144.000	218.000	213.000
3.498	172.000	226.000	222.000
1.667	66.000	231.000	229.000
3.207	267.000	241.000	237.000
3.557	199.000	249.000	245.000
8.153	320.000	263.000	255.000
3.404	160.000	270.000	266.000
2.552	153.000	277.000	274.000
3.416	184.000	285.000	281.000
3.310	192.000	293.000	289.000
4.290	133.000	301.000	297.000
1.698	74.000	306.000	304.000
1.690	75.000	309.000	307.000
1.721	98.000	314.000	312.000
3.467	93.000	322.000	318.000
3.260	172.000	331.000	327.000
-294.212	32.000	0.000	334.000
0.000	0.000	0.000	0.000
