2.835	0.000	5.000	2.000
1.936	0.000	10.000	8.000
1.921	0.000	15.000	13.000
1.932	0.000	20.000	18.000
1.936	0.000	25.000	23.000
1.952	0.000	30.000	28.000
1.854	0.000	35.000	33.000
2.808	0.000	41.000	38.000
2.728	0.000	46.000	43.000
2.709	0.000	52.000	49.000
2.854	0.000	57.000	54.000
2.846	0.000	62.000	59.000
1.889	0.000	67.000	65.000
2.857	0.000	72.000	69.000
1.913	0.000	77.000	75.000
1.855	0.000	82.000	80.000
2.702	0.000	88.000	85.000
2.698	0.000	94.000	91.000
1.831	0.000	99.000	97.000
1.788	0.000	104.000	102.000
2.745	0.000	110.000	107.000
2.744	0.000	116.000	113.000
2.916	0.000	121.000	118.000
2.859	0.000	126.000	123.000
1.874	0.000	130.000	128.000
2.737	0.000	137.000	134.000
1.808	0.000	142.000	140.000
2.682	0.000	148.000	145.000
2.685	0.000	153.000	150.000
2.662	0.000	159.000	156.000
2.757	0.000	164.000	161.000
2.745	0.000	170.000	167.000
2.737	0.000	175.000	172.000
2.803	0.000	180.000	177.000
2.748	0.000	185.000	182.000
1.839	0.000	190.000	188.000
1.796	0.000	196.000	194.000
1.843	0.000	201.000	199.000
2.690	0.000	207.000	204.000
2.745	0.000	212.000	209.000
2.771	0.000	218.000	215.000
2.787	0.000	223.000	220.000
2.842	0.000	229.000	226.000
1.866	0.000	233.000	231.000
2.842	0.000	239.000	236.000
2.818	0.000	244.000	241.000
2.792	0.000	249.000	246.000
2.702	0.000	255.000	252.000
0.906	0.000	259.000	258.000
2.655	0.000	265.000	262.000
2.749	0.000	271.000	268.000
1.800	0.000	276.000	274.000
2.693	0.000	282.000	279.000
2.752	0.000	287.000	284.000
1.819	0.000	292.000	290.000
2.636	0.000	298.000	295.000
1.765	0.000	303.000	301.000
2.713	0.000	309.000	306.000
2.647	0.000	316.000	313.000
-296.606	0.000	0.000	317.000
0.000	0.000	0.000	0.000
0.000	0.000	0.000	0.000
0.000	0.000	0.000	0.000
