2.874	90.000	6.000	3.000
4.552	199.000	19.000	14.000
5.521	215.000	29.000	23.000
4.611	191.000	40.000	35.000
4.689	199.000	51.000	46.000
2.830	188.000	59.000	56.000
5.736	262.000	72.000	66.000
3.733	168.000	81.000	77.000
4.521	153.000	92.000	87.000
4.639	207.000	102.000	97.000
3.599	200.000	112.000	108.000
3.626	246.000	123.000	119.000
4.786	187.000	135.000	130.000
4.591	210.000	146.000	141.000
4.529	293.000	156.000	151.000
3.776	191.000	166.000	162.000
4.716	203.000	176.000	171.000
3.747	67.000	185.000	181.000
1.940	122.000	189.000	187.000
4.670	199.000	198.000	193.000
4.540	188.000	208.000	203.000
4.801	149.000	218.000	213.000
4.845	180.000	228.000	223.000
4.674	289.000	239.000	234.000
4.662	246.000	250.000	245.000
4.667	144.000	260.000	255.000
2.831	160.000	268.000	265.000
3.714	226.000	277.000	273.000
4.886	207.000	286.000	281.000
4.670	196.000	297.000	292.000
-293.356	140.000	0.000	303.000
0.000	0.000	0.000	0.000
