2.748	0.000	7.000	4.000
2.760	0.000	13.000	10.000
2.690	0.000	20.000	17.000
3.588	0.000	28.000	24.000
3.581	0.000	35.000	31.000
2.737	0.000	42.000	39.000
3.635	0.000	49.000	45.000
2.640	0.000	56.000	53.000
2.741	0.000	63.000	60.000
3.669	0.000	71.000	67.000
2.745	0.000	78.000	75.000
3.635	0.000	85.000	81.000
2.702	0.000	92.000	89.000
2.678	0.000	100.000	97.000
2.651	0.000	107.000	104.000
2.737	0.000	114.000	111.000
2.710	0.000	121.000	118.000
3.737	0.000	129.000	125.000
2.788	0.000	136.000	133.000
2.874	0.000	143.000	140.000
1.870	0.000	148.000	146.000
4.563	0.000	157.000	152.000
4.474	0.000	165.000	160.000
2.796	0.000	171.000	168.000
2.839	0.000	177.000	174.000
2.908	0.000	184.000	181.000
3.646	0.000	192.000	188.000
2.722	0.000	199.000	196.000
2.682	0.000	206.000	203.000
3.553	0.000	213.000	209.000
2.779	0.000	220.000	217.000
2.702	0.000	228.000	225.000
1.839	0.000	234.000	232.000
2.818	0.000	241.000	238.000
2.769	0.000	249.000	246.000
7.347	0.000	261.000	255.000
2.710	0.000	267.000	264.000
3.640	0.000	275.000	271.000
2.804	0.000	282.000	279.000
3.677	0.000	289.000	285.000
3.593	0.000	296.000	292.000
3.497	0.000	304.000	300.000
3.642	0.000	311.000	307.000
-296.556	0.000	0.000	316.000
0.000	0.000	0.000	0.000
0.000	0.000	0.000	0.000
0.000	0.000	0.000	0.000
0.000	0.000	0.000	0.000
0.000	0.000	0.000	0.000
