-1.140	47.000	5.000	6.000
-3.432	63.000	8.000	11.000
-3.369	149.000	12.000	15.000
-2.241	89.000	17.000	19.000
-2.273	94.000	22.000	24.000
-2.273	152.000	26.000	28.000
-2.210	98.000	31.000	33.000
-3.350	129.000	35.000	38.000
-2.277	106.000	40.000	42.000
-3.311	114.000	44.000	47.000
-2.151	117.000	49.000	51.000
-2.191	129.000	54.000	56.000
-3.256	70.000	58.000	61.000
-3.198	106.000	63.000	66.000
-2.159	78.000	68.000	70.000
-3.018	164.000	72.000	75.000
-2.163	102.000	78.000	80.000
-2.140	129.000	83.000	85.000
-2.222	70.000	88.000	90.000
-2.229	86.000	92.000	94.000
-2.206	70.000	97.000	99.000
-2.226	32.000	101.000	103.000
-2.273	98.000	105.000	107.000
-2.249	82.000	110.000	112.000
-3.304	82.000	114.000	117.000
-2.261	55.000	120.000	122.000
-2.241	78.000	124.000	126.000
-2.241	47.000	129.000	131.000
-2.217	82.000	133.000	135.000
-2.296	70.000	137.000	139.000
-3.358	94.000	141.000	144.000
-3.292	59.000	146.000	149.000
-2.199	86.000	151.000	153.000
-2.187	51.000	156.000	158.000
-3.284	86.000	160.000	163.000
-2.175	66.000	165.000	167.000
-3.304	90.000	169.000	172.000
-2.203	102.000	174.000	176.000
-2.179	78.000	179.000	181.000
-2.151	58.000	184.000	186.000
-2.195	82.000	188.000	190.000
-2.131	74.000	193.000	195.000
-2.175	63.000	198.000	200.000
-3.221	82.000	202.000	205.000
-2.199	78.000	207.000	209.000
-2.167	59.000	212.000	214.000
-3.209	102.000	216.000	219.000
-2.199	90.000	221.000	223.000
-2.167	90.000	226.000	228.000
-3.217	94.000	230.000	233.000
-3.237	78.000	235.000	238.000
-2.117	86.000	240.000	242.000
-2.144	105.000	245.000	247.000
-3.225	94.000	249.000	252.000
-2.213	74.000	254.000	256.000
-2.210	78.000	259.000	261.000
-3.264	79.000	263.000	266.000
-2.187	75.000	268.000	270.000
-2.167	78.000	273.000	275.000
0.000	0.000	0.000	0.000
0.000	0.000	0.000	0.000
0.000	0.000	0.000	0.000
