4.369	55.000	7.000	3.000
5.258	102.000	16.000	11.000
5.438	90.000	24.000	20.000
4.174	109.000	32.000	28.000
5.206	137.000	42.000	37.000
4.142	86.000	50.000	46.000
3.065	82.000	59.000	56.000
2.022	28.000	63.000	61.000
6.122	114.000	71.000	65.000
6.371	90.000	80.000	74.000
4.221	94.000	90.000	86.000
4.112	117.000	98.000	94.000
3.014	74.000	107.000	104.000
6.173	266.000	118.000	112.000
5.294	156.000	127.000	122.000
4.278	172.000	136.000	132.000
4.290	113.000	145.000	141.000
4.362	117.000	154.000	150.000
5.458	90.000	164.000	159.000
3.202	105.000	171.000	168.000
4.212	62.000	179.000	175.000
5.155	121.000	190.000	185.000
4.127	129.000	199.000	195.000
4.237	114.000	208.000	204.000
5.286	110.000	218.000	213.000
5.210	133.000	227.000	222.000
4.147	86.000	236.000	232.000
5.158	137.000	246.000	241.000
4.065	105.000	255.000	251.000
6.248	89.000	265.000	260.000
-293.168	121.000	0.000	269.000
0.000	0.000	0.000	0.000
0.000	0.000	0.000	0.000
0.000	0.000	0.000	0.000
