-4.327	98.000	5.000	9.000
-2.167	78.000	12.000	14.000
-4.248	109.000	17.000	21.000
-3.276	74.000	24.000	27.000
-3.206	90.000	30.000	33.000
-4.299	129.000	36.000	40.000
-3.268	98.000	42.000	45.000
-3.249	98.000	49.000	52.000
-3.315	113.000	55.000	58.000
-3.275	82.000	61.000	64.000
-4.315	78.000	67.000	71.000
-3.218	109.000	74.000	77.000
-3.256	90.000	80.000	83.000
-3.292	114.000	86.000	89.000
-3.178	78.000	93.000	96.000
-3.249	125.000	99.000	102.000
-3.065	129.000	104.000	107.000
-3.291	125.000	111.000	114.000
-3.328	75.000	117.000	120.000
-4.511	98.000	124.000	128.000
-3.339	133.000	130.000	133.000
-3.355	145.000	136.000	139.000
-3.393	43.000	142.000	145.000
-3.319	144.000	148.000	151.000
-2.183	98.000	155.000	157.000
-3.378	149.000	160.000	163.000
-3.272	121.000	167.000	170.000
-3.343	86.000	173.000	176.000
-4.435	129.000	178.000	182.000
-3.358	102.000	185.000	188.000
-3.311	94.000	191.000	194.000
-3.335	105.000	197.000	200.000
-3.374	129.000	203.000	206.000
-3.381	110.000	209.000	212.000
-2.284	55.000	215.000	217.000
-2.218	125.000	219.000	221.000
-3.413	90.000	224.000	227.000
-4.455	105.000	230.000	234.000
-4.381	160.000	239.000	243.000
-3.279	86.000	246.000	249.000
-3.249	90.000	252.000	255.000
-3.365	62.000	258.000	261.000
-3.295	86.000	264.000	267.000
-3.334	121.000	270.000	273.000
0.000	0.000	0.000	0.000
0.000	0.000	0.000	0.000
0.000	0.000	0.000	0.000
