2.116	0.000	13.000	10.000
2.241	0.000	19.000	16.000
2.132	0.000	26.000	23.000
2.221	0.000	32.000	29.000
2.284	0.000	38.000	35.000
2.154	0.000	46.000	43.000
2.198	0.000	52.000	49.000
1.389	0.000	59.000	57.000
2.702	0.000	68.000	64.000
2.041	0.000	74.000	71.000
2.725	0.000	82.000	78.000
2.197	0.000	87.000	84.000
2.166	0.000	95.000	92.000
2.146	0.000	102.000	99.000
2.210	0.000	108.000	105.000
2.160	0.000	115.000	112.000
2.287	0.000	121.000	118.000
2.194	0.000	127.000	124.000
2.182	0.000	134.000	131.000
1.401	0.000	141.000	139.000
1.401	0.000	146.000	144.000
3.598	0.000	154.000	150.000
1.445	0.000	159.000	157.000
2.155	0.000	167.000	164.000
2.108	0.000	173.000	170.000
2.096	0.000	180.000	177.000
1.991	0.000	187.000	184.000
3.998	0.000	196.000	191.000
1.358	0.000	201.000	199.000
2.780	0.000	209.000	205.000
1.413	0.000	215.000	213.000
2.108	0.000	222.000	219.000
2.096	0.000	229.000	226.000
1.445	0.000	234.000	232.000
1.433	0.000	240.000	238.000
2.823	0.000	248.000	244.000
2.178	0.000	254.000	251.000
2.061	0.000	262.000	259.000
2.143	0.000	269.000	266.000
2.084	0.000	276.000	273.000
1.413	0.000	282.000	280.000
2.157	0.000	289.000	286.000
2.166	0.000	295.000	292.000
2.862	0.000	303.000	299.000
2.174	0.000	309.000	306.000
2.158	0.000	316.000	313.000
2.162	0.000	323.000	320.000
2.870	0.000	331.000	327.000
2.986	0.000	337.000	333.000
2.919	0.000	344.000	340.000
2.214	0.000	349.000	346.000
2.209	0.000	356.000	353.000
2.198	0.000	363.000	360.000
1.429	0.000	370.000	368.000
4.360	0.000	376.000	373.000
2.197	0.000	381.000	378.000
2.189	0.000	388.000	385.000
2.198	0.000	394.000	391.000
3.006	0.000	400.000	396.000
0.000	0.000	0.000	0.000
0.000	0.000	0.000	0.000
0.000	0.000	0.000	0.000
0.000	0.000	0.000	0.000
0.000	0.000	0.000	0.000
