2.358	11.000	12.000	9.000
3.115	82.000	20.000	16.000
4.459	93.000	34.000	29.000
1.954	111.000	44.000	41.000
2.948	125.000	50.000	46.000
3.716	117.000	59.000	54.000
1.460	35.000	66.000	64.000
1.382	51.000	71.000	69.000
2.137	9.000	76.000	73.000
3.763	141.000	84.000	79.000
3.013	125.000	97.000	93.000
3.803	82.000	108.000	103.000
4.533	176.000	122.000	116.000
3.887	125.000	135.000	130.000
4.555	98.000	148.000	142.000
3.748	133.000	161.000	156.000
2.140	70.000	172.000	169.000
2.248	78.000	176.000	173.000
3.884	121.000	188.000	183.000
4.556	152.000	201.000	195.000
3.763	156.000	212.000	207.000
3.707	168.000	225.000	220.000
3.932	160.000	238.000	233.000
3.100	164.000	249.000	245.000
3.861	121.000	263.000	258.000
3.736	148.000	275.000	270.000
3.097	160.000	286.000	282.000
3.865	125.000	299.000	294.000
3.131	121.000	309.000	305.000
3.849	129.000	320.000	315.000
4.880	102.000	332.000	326.000
3.924	172.000	344.000	339.000
3.119	160.000	357.000	353.000
3.119	157.000	368.000	364.000
0.000	0.000	0.000	0.000
0.000	0.000	0.000	0.000
0.000	0.000	0.000	0.000
0.000	0.000	0.000	0.000
