2.061	78.000	14.000	11.000
2.096	117.000	22.000	19.000
3.494	67.000	33.000	28.000
2.693	98.000	42.000	38.000
2.628	164.000	52.000	48.000
2.100	121.000	61.000	58.000
2.893	153.000	70.000	66.000
2.209	59.000	79.000	76.000
2.806	71.000	89.000	85.000
2.124	71.000	97.000	94.000
2.893	86.000	106.000	102.000
2.919	133.000	116.000	112.000
2.811	94.000	127.000	123.000
2.139	90.000	134.000	131.000
2.912	98.000	143.000	139.000
2.877	102.000	153.000	149.000
2.803	136.000	162.000	158.000
2.096	106.000	170.000	167.000
2.973	98.000	178.000	174.000
4.306	113.000	189.000	185.000
3.686	66.000	196.000	192.000
2.924	78.000	204.000	200.000
2.913	66.000	212.000	208.000
2.944	113.000	221.000	217.000
2.998	74.000	229.000	225.000
2.901	62.000	238.000	234.000
2.904	106.000	247.000	243.000
3.642	106.000	256.000	251.000
2.222	78.000	265.000	262.000
2.924	82.000	273.000	269.000
3.751	102.000	282.000	277.000
2.269	78.000	290.000	287.000
3.065	86.000	298.000	294.000
2.241	105.000	306.000	303.000
2.857	106.000	316.000	312.000
2.975	156.000	326.000	322.000
2.994	121.000	334.000	331.000
2.330	55.000	340.000	337.000
2.292	90.000	347.000	344.000
5.359	47.000	354.000	351.000
3.689	125.000	365.000	360.000
3.061	62.000	373.000	369.000
3.045	90.000	382.000	378.000
2.280	86.000	389.000	386.000
0.000	0.000	0.000	0.000
0.000	0.000	0.000	0.000
0.000	0.000	0.000	0.000
0.000	0.000	0.000	0.000
0.000	0.000	0.000	0.000
0.000	0.000	0.000	0.000
0.000	0.000	0.000	0.000
