2.986	0.000	11.000	8.000
3.096	0.000	17.000	14.000
3.049	0.000	23.000	20.000
1.999	0.000	29.000	27.000
3.006	0.000	36.000	33.000
3.014	0.000	43.000	40.000
3.167	0.000	49.000	46.000
3.034	0.000	55.000	52.000
2.034	0.000	60.000	58.000
2.987	0.000	66.000	63.000
2.959	0.000	73.000	70.000
1.968	0.000	79.000	77.000
2.881	0.000	86.000	83.000
3.069	0.000	93.000	90.000
4.061	0.000	100.000	96.000
2.007	0.000	104.000	102.000
3.171	0.000	111.000	108.000
3.085	0.000	118.000	115.000
3.045	0.000	123.000	120.000
2.976	0.000	130.000	127.000
2.881	0.000	136.000	133.000
2.947	0.000	143.000	140.000
3.003	0.000	149.000	146.000
2.787	0.000	156.000	153.000
3.823	0.000	164.000	160.000
1.968	0.000	169.000	167.000
2.978	0.000	176.000	173.000
1.964	0.000	182.000	180.000
2.976	0.000	190.000	187.000
2.921	0.000	196.000	193.000
3.858	0.000	203.000	199.000
2.987	0.000	209.000	206.000
2.850	0.000	215.000	212.000
2.951	0.000	222.000	219.000
2.858	0.000	229.000	226.000
3.034	0.000	236.000	233.000
2.893	0.000	243.000	240.000
2.814	0.000	249.000	246.000
3.697	0.000	257.000	253.000
2.756	0.000	262.000	259.000
3.799	0.000	271.000	267.000
2.959	0.000	277.000	274.000
2.952	0.000	284.000	281.000
-294.814	0.000	0.000	287.000
0.000	0.000	0.000	0.000
0.000	0.000	0.000	0.000
