2.980	117.000	9.000	6.000
2.065	35.000	12.000	11.000
6.021	90.000	20.000	15.000
3.967	180.000	27.000	23.000
3.068	282.000	35.000	32.000
3.147	637.000	44.000	41.000
3.194	477.000	53.000	50.000
4.210	230.000	62.000	58.000
2.897	223.000	70.000	67.000
2.807	375.000	80.000	77.000
2.963	355.000	90.000	87.000
2.998	344.000	100.000	97.000
3.963	340.000	110.000	106.000
3.886	437.000	120.000	116.000
2.713	473.000	129.000	126.000
2.998	426.000	139.000	136.000
4.069	265.000	149.000	145.000
2.901	481.000	158.000	155.000
3.148	441.000	168.000	165.000
2.893	406.000	177.000	174.000
3.061	411.000	187.000	184.000
2.831	488.000	196.000	193.000
3.073	355.000	205.000	202.000
2.858	265.000	213.000	210.000
3.877	219.000	224.000	220.000
2.966	270.000	233.000	230.000
2.983	285.000	243.000	240.000
3.081	371.000	253.000	250.000
3.950	321.000	263.000	259.000
3.037	344.000	272.000	269.000
-295.776	58.000	0.000	278.000
