-4.068	117.000	5.000	9.000
-3.092	85.000	12.000	15.000
-5.190	188.000	19.000	23.000
-2.069	97.000	26.000	28.000
-2.120	70.000	29.000	31.000
-3.171	141.000	34.000	37.000
-3.131	140.000	39.000	42.000
-2.054	133.000	45.000	47.000
-2.046	94.000	49.000	51.000
-2.077	113.000	54.000	56.000
-2.975	172.000	59.000	62.000
-3.034	117.000	64.000	67.000
-2.909	106.000	70.000	73.000
-1.956	78.000	75.000	77.000
-2.104	66.000	80.000	82.000
-3.991	121.000	84.000	88.000
-1.991	90.000	90.000	92.000
-2.994	140.000	95.000	98.000
-2.873	113.000	100.000	103.000
-2.015	90.000	106.000	108.000
-2.038	82.000	111.000	113.000
-2.023	82.000	116.000	118.000
-2.077	117.000	121.000	123.000
-2.057	86.000	126.000	128.000
-3.002	86.000	131.000	134.000
-2.050	78.000	136.000	138.000
-3.978	102.000	140.000	143.000
-2.108	94.000	145.000	147.000
-2.210	133.000	150.000	152.000
-2.100	97.000	154.000	156.000
-2.202	86.000	159.000	161.000
-3.213	133.000	163.000	166.000
-3.190	133.000	168.000	171.000
-3.045	105.000	174.000	177.000
-2.132	43.000	179.000	181.000
-3.081	117.000	183.000	186.000
-3.033	82.000	188.000	191.000
-3.034	105.000	193.000	196.000
-2.092	101.000	198.000	200.000
-3.084	113.000	203.000	206.000
-3.011	102.000	208.000	211.000
-2.030	94.000	213.000	215.000
-2.939	109.000	218.000	221.000
-2.975	98.000	223.000	226.000
-2.924	113.000	228.000	231.000
-2.830	74.000	234.000	237.000
-3.764	165.000	240.000	244.000
-0.980	51.000	246.000	247.000
-2.838	74.000	250.000	253.000
-1.976	74.000	255.000	257.000
-4.150	152.000	259.000	262.000
-3.077	117.000	264.000	267.000
-3.073	98.000	269.000	272.000
-3.062	125.000	274.000	277.000
-2.066	74.000	279.000	281.000
-3.182	145.000	284.000	287.000
-3.019	82.000	289.000	292.000
0.000	0.000	0.000	0.000
0.000	0.000	0.000	0.000
0.000	0.000	0.000	0.000
0.000	0.000	0.000	0.000
