2.171	0.000	12.000	9.000
3.119	0.000	19.000	15.000
2.370	0.000	26.000	23.000
2.366	0.000	31.000	28.000
3.139	0.000	38.000	34.000
2.522	0.000	43.000	40.000
2.397	0.000	49.000	46.000
2.487	0.000	55.000	52.000
2.405	0.000	61.000	58.000
2.323	0.000	67.000	64.000
2.373	0.000	73.000	70.000
2.393	0.000	79.000	76.000
2.393	0.000	86.000	83.000
2.416	0.000	91.000	88.000
2.217	0.000	98.000	95.000
2.409	0.000	104.000	101.000
2.378	0.000	111.000	108.000
2.374	0.000	116.000	113.000
2.436	0.000	123.000	120.000
2.409	0.000	129.000	126.000
2.295	0.000	135.000	132.000
3.150	0.000	142.000	138.000
2.330	0.000	148.000	145.000
2.366	0.000	154.000	151.000
2.378	0.000	160.000	157.000
2.354	0.000	166.000	163.000
4.067	0.000	173.000	168.000
3.154	0.000	182.000	178.000
2.460	0.000	188.000	185.000
2.260	0.000	194.000	191.000
2.404	0.000	200.000	197.000
1.523	0.000	206.000	204.000
2.249	0.000	212.000	209.000
2.920	0.000	220.000	216.000
2.315	0.000	226.000	223.000
2.265	0.000	232.000	229.000
2.065	0.000	241.000	238.000
3.349	0.000	252.000	247.000
2.150	0.000	259.000	256.000
2.236	0.000	265.000	262.000
2.865	0.000	273.000	269.000
2.233	0.000	278.000	275.000
2.136	0.000	285.000	282.000
2.854	0.000	293.000	289.000
2.944	0.000	299.000	295.000
2.245	0.000	305.000	302.000
2.132	0.000	312.000	309.000
2.994	0.000	319.000	315.000
2.256	0.000	325.000	322.000
2.226	0.000	332.000	329.000
3.044	0.000	339.000	335.000
2.347	0.000	345.000	342.000
2.307	0.000	351.000	348.000
3.190	0.000	360.000	356.000
2.432	0.000	366.000	363.000
-296.556	0.000	0.000	369.000
0.000	0.000	0.000	0.000
