7.623	273.000	16.000	5.000
4.619	234.000	30.000	24.000
4.600	265.000	44.000	38.000
4.693	238.000	56.000	51.000
4.552	238.000	67.000	62.000
2.904	292.000	79.000	75.000
4.262	226.000	92.000	86.000
4.694	215.000	104.000	99.000
4.576	246.000	116.000	110.000
3.606	254.000	128.000	123.000
3.853	195.000	140.000	135.000
6.062	282.000	153.000	146.000
6.355	282.000	165.000	159.000
4.666	160.000	175.000	170.000
4.535	211.000	187.000	181.000
4.649	211.000	198.000	194.000
3.697	235.000	209.000	204.000
4.512	239.000	222.000	216.000
4.275	262.000	235.000	229.000
3.676	183.000	246.000	241.000
4.625	250.000	260.000	255.000
4.755	215.000	272.000	266.000
3.724	207.000	283.000	278.000
5.341	-289.000	291.000	284.000
5.680	-234.000	304.000	297.000
6.421	-246.000	316.000	309.000
6.749	-218.000	329.000	321.000
6.012	-184.000	341.000	334.000
4.492	-195.000	353.000	347.000
4.463	-203.000	366.000	360.000
0.000	0.000	0.000	0.000
0.000	0.000	0.000	0.000
0.000	0.000	0.000	0.000
0.000	0.000	0.000	0.000
0.000	0.000	0.000	0.000
