2.400	0.000	5.000	2.000
3.767	0.000	15.000	10.000
2.252	0.000	23.000	20.000
2.983	0.000	31.000	27.000
2.958	0.000	41.000	37.000
2.982	0.000	49.000	45.000
3.116	0.000	57.000	53.000
3.900	0.000	66.000	61.000
3.126	0.000	74.000	70.000
3.602	0.000	83.000	78.000
3.002	0.000	92.000	88.000
3.654	0.000	101.000	96.000
3.729	0.000	110.000	105.000
3.677	0.000	119.000	114.000
3.884	0.000	128.000	123.000
3.085	0.000	135.000	131.000
3.870	0.000	144.000	139.000
2.280	0.000	151.000	148.000
3.861	0.000	160.000	155.000
3.083	0.000	168.000	164.000
4.489	0.000	177.000	172.000
2.100	0.000	184.000	181.000
3.458	0.000	193.000	188.000
3.474	0.000	199.000	194.000
3.502	0.000	208.000	203.000
2.678	0.000	215.000	211.000
3.697	0.000	227.000	222.000
2.327	0.000	235.000	232.000
3.142	0.000	244.000	240.000
3.954	0.000	253.000	248.000
3.157	0.000	261.000	257.000
2.386	0.000	269.000	266.000
3.837	0.000	279.000	274.000
2.963	0.000	288.000	284.000
3.252	0.000	296.000	292.000
3.045	0.000	305.000	301.000
2.361	0.000	313.000	310.000
2.885	0.000	321.000	317.000
3.888	0.000	331.000	326.000
3.138	0.000	340.000	336.000
3.190	0.000	348.000	344.000
3.876	0.000	357.000	352.000
3.779	0.000	367.000	362.000
3.053	0.000	375.000	371.000
4.341	0.000	384.000	378.000
0.000	0.000	0.000	0.000
0.000	0.000	0.000	0.000
0.000	0.000	0.000	0.000
