3.584	153.000	10.000	6.000
1.831	102.000	14.000	12.000
2.760	98.000	20.000	17.000
2.780	86.000	25.000	22.000
2.811	102.000	31.000	28.000
2.803	82.000	36.000	33.000
2.752	86.000	41.000	38.000
2.756	82.000	46.000	43.000
1.843	102.000	51.000	49.000
2.787	74.000	57.000	54.000
3.788	90.000	63.000	59.000
2.948	78.000	67.000	65.000
1.893	63.000	71.000	69.000
1.877	71.000	76.000	74.000
1.843	86.000	81.000	79.000
1.847	86.000	86.000	84.000
1.839	105.000	91.000	89.000
2.654	141.000	96.000	93.000
1.835	102.000	101.000	99.000
1.870	94.000	106.000	104.000
1.886	59.000	111.000	109.000
2.791	82.000	117.000	114.000
2.823	86.000	122.000	119.000
1.889	71.000	127.000	125.000
1.847	136.000	132.000	130.000
2.788	74.000	138.000	135.000
2.846	63.000	143.000	140.000
2.812	82.000	148.000	145.000
2.842	47.000	153.000	150.000
1.835	86.000	158.000	156.000
2.729	117.000	164.000	161.000
1.803	94.000	169.000	167.000
2.811	66.000	175.000	172.000
2.798	51.000	180.000	177.000
2.773	54.000	185.000	182.000
2.741	74.000	191.000	188.000
2.791	54.000	196.000	193.000
1.839	47.000	201.000	199.000
2.682	66.000	207.000	204.000
1.781	117.000	212.000	210.000
1.777	70.000	217.000	215.000
2.694	51.000	223.000	220.000
2.624	66.000	229.000	226.000
1.745	43.000	234.000	232.000
1.745	51.000	240.000	238.000
2.713	51.000	245.000	242.000
2.674	54.000	251.000	248.000
2.671	58.000	257.000	254.000
2.650	74.000	263.000	260.000
1.745	62.000	267.000	265.000
2.608	35.000	273.000	270.000
3.346	74.000	280.000	276.000
2.639	74.000	285.000	282.000
2.662	58.000	291.000	288.000
2.663	70.000	296.000	293.000
1.780	43.000	301.000	299.000
2.706	94.000	307.000	304.000
2.764	74.000	313.000	310.000
-295.769	-144.000	0.000	315.000
