3.529	0.000	7.000	3.000
4.136	0.000	19.000	14.000
2.705	0.000	27.000	24.000
4.400	0.000	39.000	34.000
4.348	0.000	48.000	43.000
1.612	0.000	57.000	55.000
1.698	0.000	60.000	58.000
6.259	0.000	70.000	64.000
5.342	0.000	81.000	75.000
3.572	0.000	89.000	85.000
1.905	0.000	93.000	91.000
5.442	0.000	104.000	98.000
6.392	0.000	113.000	107.000
5.310	0.000	124.000	118.000
5.482	0.000	135.000	129.000
3.611	0.000	143.000	139.000
4.375	0.000	154.000	149.000
4.522	0.000	166.000	161.000
5.500	0.000	177.000	171.000
5.379	0.000	187.000	182.000
2.729	0.000	191.000	188.000
7.461	0.000	201.000	195.000
4.599	0.000	211.000	206.000
4.619	0.000	222.000	217.000
3.592	0.000	231.000	227.000
4.494	0.000	242.000	237.000
3.537	0.000	250.000	246.000
5.595	0.000	259.000	256.000
6.540	0.000	269.000	264.000
6.528	0.000	277.000	273.000
3.615	0.000	287.000	283.000
4.572	0.000	298.000	293.000
-296.493	0.000	0.000	303.000
0.000	0.000	0.000	0.000
0.000	0.000	0.000	0.000
0.000	0.000	0.000	0.000
0.000	0.000	0.000	0.000
0.000	0.000	0.000	0.000
0.000	0.000	0.000	0.000
