-2.815	113.000	4.000	7.000
-3.744	113.000	10.000	14.000
-2.748	86.000	18.000	21.000
-3.569	90.000	25.000	29.000
-2.623	66.000	33.000	36.000
-2.733	74.000	41.000	44.000
-3.678	90.000	47.000	50.000
-3.647	90.000	54.000	58.000
-2.819	67.000	62.000	65.000
-3.709	74.000	68.000	71.000
-2.667	98.000	75.000	78.000
-3.662	98.000	82.000	86.000
-2.695	47.000	90.000	93.000
-3.588	85.000	96.000	100.000
-2.729	74.000	105.000	108.000
-4.486	70.000	111.000	115.000
-2.748	78.000	119.000	122.000
-3.487	78.000	126.000	130.000
-2.682	78.000	134.000	137.000
-2.698	75.000	142.000	145.000
-2.620	78.000	149.000	152.000
-2.655	55.000	156.000	159.000
-3.584	63.000	162.000	165.000
-4.275	82.000	169.000	174.000
-3.579	74.000	178.000	182.000
-2.666	74.000	186.000	189.000
-2.702	74.000	193.000	196.000
-2.674	82.000	200.000	203.000
-4.408	63.000	206.000	210.000
-1.769	74.000	214.000	216.000
-4.380	101.000	220.000	225.000
-3.460	63.000	228.000	231.000
-2.631	70.000	236.000	239.000
-4.407	59.000	242.000	246.000
-2.756	70.000	250.000	253.000
-4.434	86.000	256.000	261.000
-1.757	66.000	264.000	266.000
-2.659	78.000	270.000	273.000
-2.647	51.000	278.000	281.000
-2.604	50.000	285.000	288.000
-2.647	71.000	292.000	295.000
-3.545	71.000	299.000	303.000
-2.697	94.000	307.000	310.000
-2.721	90.000	315.000	318.000
0.000	0.000	0.000	0.000
0.000	0.000	0.000	0.000
0.000	0.000	0.000	0.000
0.000	0.000	0.000	0.000
0.000	0.000	0.000	0.000
0.000	0.000	0.000	0.000
