2.800	293.000	5.000	2.000
2.944	152.000	10.000	7.000
3.018	242.000	15.000	12.000
2.089	207.000	19.000	17.000
2.023	191.000	24.000	22.000
1.988	265.000	28.000	26.000
3.046	207.000	34.000	31.000
2.093	227.000	38.000	36.000
3.119	254.000	44.000	41.000
1.019	117.000	47.000	46.000
2.034	106.000	51.000	49.000
2.109	152.000	56.000	54.000
2.038	215.000	61.000	59.000
1.936	176.000	66.000	64.000
2.963	203.000	71.000	68.000
1.972	152.000	75.000	73.000
2.975	211.000	80.000	77.000
2.995	109.000	85.000	82.000
2.964	230.000	90.000	87.000
2.972	195.000	96.000	93.000
1.960	160.000	100.000	98.000
1.894	250.000	105.000	103.000
2.870	183.000	111.000	108.000
3.006	219.000	116.000	113.000
1.952	211.000	120.000	118.000
1.902	195.000	125.000	123.000
1.936	188.000	129.000	127.000
2.971	176.000	134.000	131.000
2.850	230.000	139.000	136.000
1.886	336.000	144.000	142.000
2.054	145.000	149.000	147.000
2.054	180.000	154.000	152.000
2.050	125.000	159.000	157.000
1.933	148.000	163.000	161.000
1.940	176.000	168.000	166.000
2.944	296.000	174.000	171.000
1.971	137.000	178.000	176.000
2.998	157.000	184.000	181.000
2.978	196.000	189.000	186.000
2.007	90.000	193.000	191.000
1.909	145.000	198.000	196.000
3.026	144.000	203.000	200.000
1.905	207.000	207.000	205.000
2.038	141.000	212.000	210.000
1.870	180.000	217.000	215.000
2.978	172.000	223.000	220.000
2.931	161.000	228.000	225.000
1.921	137.000	232.000	230.000
2.897	160.000	238.000	235.000
3.088	148.000	242.000	239.000
1.936	117.000	247.000	245.000
2.744	285.000	252.000	249.000
2.066	82.000	257.000	255.000
1.905	117.000	261.000	259.000
3.033	149.000	266.000	263.000
3.088	102.000	271.000	268.000
1.023	27.000	275.000	274.000
2.866	352.000	282.000	279.000
3.022	246.000	288.000	285.000
0.000	0.000	0.000	0.000
0.000	0.000	0.000	0.000
