3.088	0.000	6.000	3.000
2.768	0.000	15.000	12.000
2.647	0.000	25.000	22.000
5.747	0.000	36.000	31.000
5.747	0.000	44.000	40.000
3.666	0.000	52.000	48.000
3.420	0.000	62.000	58.000
4.509	0.000	73.000	69.000
5.948	0.000	82.000	78.000
5.865	0.000	91.000	87.000
2.659	0.000	98.000	95.000
4.467	0.000	109.000	104.000
5.950	0.000	120.000	114.000
4.077	0.000	128.000	125.000
2.808	0.000	137.000	134.000
4.717	0.000	146.000	142.000
4.646	0.000	156.000	152.000
3.701	0.000	164.000	160.000
4.919	0.000	175.000	170.000
4.780	0.000	184.000	180.000
5.662	0.000	193.000	189.000
4.696	0.000	202.000	198.000
4.448	0.000	213.000	208.000
3.505	0.000	222.000	218.000
5.840	0.000	232.000	228.000
4.818	0.000	240.000	236.000
3.959	0.000	249.000	246.000
4.755	0.000	259.000	254.000
4.854	0.000	269.000	264.000
-293.386	0.000	0.000	275.000
0.000	0.000	0.000	0.000
0.000	0.000	0.000	0.000
