0.839	168.000	6.000	5.000
3.884	246.000	11.000	7.000
1.929	285.000	17.000	15.000
2.904	301.000	23.000	20.000
2.885	274.000	30.000	27.000
2.975	328.000	38.000	35.000
3.027	191.000	44.000	41.000
2.709	289.000	50.000	47.000
2.807	286.000	58.000	55.000
3.018	211.000	64.000	61.000
3.822	234.000	71.000	67.000
2.905	223.000	77.000	74.000
3.776	285.000	84.000	80.000
2.819	356.000	91.000	88.000
2.772	340.000	97.000	94.000
2.846	332.000	104.000	101.000
2.983	344.000	112.000	109.000
2.015	207.000	117.000	115.000
4.123	184.000	124.000	120.000
2.858	254.000	131.000	128.000
2.884	188.000	137.000	134.000
2.612	324.000	143.000	140.000
2.881	317.000	150.000	147.000
3.166	28.000	157.000	154.000
1.972	183.000	162.000	160.000
1.546	148.000	168.000	166.000
2.564	321.000	172.000	169.000
2.709	371.000	181.000	178.000
2.709	375.000	188.000	185.000
2.776	336.000	195.000	192.000
2.987	223.000	202.000	199.000
2.749	348.000	208.000	205.000
3.826	375.000	215.000	212.000
3.053	164.000	221.000	218.000
2.733	390.000	228.000	225.000
2.796	363.000	235.000	232.000
2.873	258.000	241.000	238.000
2.639	371.000	248.000	245.000
2.858	312.000	255.000	252.000
2.744	379.000	262.000	259.000
2.956	340.000	269.000	266.000
2.956	308.000	275.000	272.000
4.061	266.000	282.000	278.000
3.053	179.000	288.000	285.000
0.000	0.000	0.000	0.000
0.000	0.000	0.000	0.000
