2.252	0.000	13.000	10.000
2.955	0.000	20.000	16.000
3.018	0.000	27.000	23.000
0.746	0.000	31.000	30.000
2.956	0.000	40.000	36.000
2.214	0.000	46.000	43.000
2.978	0.000	53.000	49.000
2.272	0.000	58.000	55.000
3.740	0.000	67.000	62.000
1.604	0.000	72.000	70.000
2.252	0.000	79.000	76.000
2.182	0.000	86.000	83.000
2.936	0.000	93.000	89.000
2.253	0.000	98.000	95.000
2.892	0.000	107.000	103.000
2.939	0.000	113.000	109.000
2.128	0.000	120.000	117.000
3.680	0.000	128.000	123.000
2.245	0.000	133.000	130.000
2.182	0.000	140.000	137.000
2.888	0.000	148.000	144.000
2.951	0.000	153.000	149.000
3.643	0.000	162.000	157.000
1.530	0.000	166.000	164.000
2.881	0.000	175.000	171.000
2.249	0.000	180.000	177.000
1.468	0.000	186.000	184.000
2.878	0.000	194.000	190.000
2.889	0.000	202.000	198.000
1.496	0.000	207.000	205.000
2.194	0.000	214.000	211.000
1.460	0.000	219.000	217.000
3.661	0.000	229.000	224.000
2.150	0.000	236.000	235.000
0.683	0.000	242.000	241.000
3.512	0.000	252.000	247.000
2.834	0.000	262.000	258.000
6.371	0.000	274.000	267.000
2.131	0.000	281.000	278.000
2.790	0.000	290.000	286.000
2.135	0.000	295.000	292.000
3.447	0.000	304.000	299.000
2.862	0.000	310.000	306.000
2.132	0.000	316.000	313.000
3.577	0.000	328.000	323.000
1.495	0.000	333.000	331.000
1.448	0.000	340.000	338.000
4.512	0.000	350.000	344.000
4.638	0.000	358.000	352.000
6.883	0.000	371.000	362.000
2.357	0.000	378.000	375.000
2.932	0.000	384.000	380.000
1.546	0.000	391.000	389.000
0.000	0.000	0.000	0.000
0.000	0.000	0.000	0.000
0.000	0.000	0.000	0.000
0.000	0.000	0.000	0.000
0.000	0.000	0.000	0.000
