3.693	0.000	9.000	4.000
5.980	0.000	20.000	13.000
5.114	0.000	35.000	28.000
3.736	0.000	48.000	43.000
3.834	0.000	61.000	56.000
3.010	0.000	71.000	67.000
5.169	0.000	85.000	79.000
3.631	0.000	97.000	92.000
5.049	0.000	112.000	105.000
5.687	0.000	126.000	118.000
4.232	0.000	138.000	133.000
5.044	0.000	152.000	145.000
5.133	0.000	165.000	158.000
4.982	0.000	180.000	173.000
3.607	0.000	188.000	184.000
3.552	0.000	199.000	194.000
2.315	0.000	206.000	203.000
4.435	0.000	218.000	212.000
4.349	0.000	229.000	223.000
5.039	0.000	243.000	236.000
4.933	0.000	258.000	251.000
5.746	0.000	272.000	264.000
4.225	0.000	284.000	278.000
6.303	0.000	302.000	293.000
4.981	0.000	314.000	307.000
4.350	0.000	326.000	320.000
4.348	0.000	339.000	333.000
3.037	0.000	346.000	342.000
2.955	0.000	355.000	351.000
4.513	0.000	365.000	359.000
6.682	0.000	381.000	373.000
-293.910	0.000	0.000	387.000
0.000	0.000	0.000	0.000
0.000	0.000	0.000	0.000
0.000	0.000	0.000	0.000
0.000	0.000	0.000	0.000
0.000	0.000	0.000	0.000
0.000	0.000	0.000	0.000
0.000	0.000	0.000	0.000
0.000	0.000	0.000	0.000
