1.484	4.000	4.000	2.000
2.230	12.000	9.000	6.000
1.436	12.000	15.000	13.000
2.822	39.000	23.000	19.000
4.399	94.000	34.000	28.000
4.364	50.000	45.000	39.000
1.464	8.000	50.000	48.000
1.522	-23.000	56.000	54.000
5.113	-86.000	66.000	59.000
9.721	-141.000	80.000	71.000
3.014	-31.000	88.000	84.000
3.740	-62.000	97.000	92.000
3.646	-28.000	106.000	101.000
4.629	-98.000	124.000	118.000
3.759	-55.000	133.000	128.000
3.744	-43.000	143.000	138.000
3.662	-43.000	152.000	147.000
2.280	-51.000	161.000	158.000
3.658	-55.000	169.000	164.000
3.643	-51.000	178.000	173.000
2.897	-31.000	188.000	184.000
0.722	-4.000	192.000	191.000
3.561	63.000	201.000	196.000
3.725	133.000	211.000	206.000
3.618	20.000	221.000	216.000
2.912	50.000	228.000	224.000
2.940	74.000	236.000	232.000
2.802	106.000	245.000	241.000
2.865	39.000	255.000	251.000
2.884	36.000	264.000	260.000
2.920	32.000	273.000	269.000
4.418	43.000	283.000	278.000
3.720	133.000	292.000	287.000
2.455	39.000	298.000	295.000
2.178	28.000	306.000	303.000
3.756	70.000	314.000	309.000
3.591	70.000	326.000	321.000
8.265	117.000	340.000	331.000
2.978	70.000	350.000	346.000
2.955	55.000	359.000	355.000
4.540	90.000	368.000	362.000
3.654	47.000	384.000	379.000
-294.620	51.000	0.000	387.000
0.000	0.000	0.000	0.000
0.000	0.000	0.000	0.000
0.000	0.000	0.000	0.000
0.000	0.000	0.000	0.000
0.000	0.000	0.000	0.000
0.000	0.000	0.000	0.000
0.000	0.000	0.000	0.000
0.000	0.000	0.000	0.000
0.000	0.000	0.000	0.000
