1.402	12.000	12.000	10.000
0.699	0.000	16.000	15.000
2.213	-70.000	24.000	21.000
2.108	-35.000	30.000	27.000
3.580	-79.000	39.000	34.000
1.425	-43.000	45.000	43.000
1.440	-12.000	51.000	49.000
3.638	-59.000	59.000	54.000
2.081	-20.000	65.000	62.000
2.932	-94.000	74.000	70.000
0.750	-8.000	79.000	78.000
4.454	-74.000	88.000	82.000
1.425	-19.000	92.000	90.000
2.999	-94.000	100.000	96.000
3.493	-47.000	108.000	103.000
2.873	-55.000	115.000	111.000
2.818	-78.000	122.000	118.000
1.456	-28.000	128.000	126.000
3.633	-86.000	136.000	131.000
1.421	-39.000	142.000	140.000
3.544	-70.000	150.000	145.000
1.394	-16.000	156.000	154.000
2.818	-58.000	164.000	160.000
2.139	-51.000	171.000	168.000
3.463	-78.000	180.000	175.000
1.998	-23.000	185.000	182.000
3.502	-94.000	194.000	189.000
2.081	-39.000	200.000	197.000
2.908	-43.000	209.000	205.000
2.858	-83.000	217.000	213.000
2.112	-27.000	223.000	220.000
2.105	-28.000	228.000	225.000
2.162	-62.000	236.000	233.000
2.764	-12.000	242.000	238.000
2.915	-82.000	250.000	246.000
2.085	-32.000	256.000	253.000
1.464	-28.000	262.000	260.000
2.881	-67.000	268.000	264.000
1.410	-20.000	274.000	272.000
2.772	-36.000	280.000	276.000
1.413	-31.000	285.000	283.000
2.104	-20.000	291.000	288.000
1.398	-16.000	296.000	294.000
2.923	-82.000	304.000	300.000
2.135	-59.000	310.000	307.000
2.736	-66.000	318.000	314.000
1.507	-43.000	325.000	323.000
3.528	-90.000	332.000	327.000
2.163	-39.000	339.000	336.000
2.822	-43.000	346.000	342.000
2.912	-74.000	354.000	350.000
2.737	-39.000	361.000	357.000
2.794	-62.000	368.000	364.000
2.061	-40.000	375.000	372.000
1.386	-32.000	381.000	379.000
3.713	-101.000	391.000	386.000
2.112	-20.000	396.000	393.000
3.478	-78.000	405.000	400.000
2.755	-50.000	412.000	408.000
2.783	-55.000	419.000	415.000
-297.778	-122.000	0.000	423.000
0.000	0.000	0.000	0.000
0.000	0.000	0.000	0.000
0.000	0.000	0.000	0.000
0.000	0.000	0.000	0.000
0.000	0.000	0.000	0.000
0.000	0.000	0.000	0.000
