5.734	0.000	22.000	13.000
4.126	0.000	34.000	29.000
4.482	0.000	47.000	41.000
4.439	0.000	61.000	55.000
3.657	0.000	74.000	69.000
3.615	0.000	88.000	83.000
3.607	0.000	101.000	96.000
3.591	0.000	114.000	109.000
4.423	0.000	128.000	122.000
4.240	0.000	141.000	135.000
3.588	0.000	155.000	150.000
4.318	0.000	169.000	163.000
3.350	0.000	182.000	177.000
4.883	0.000	198.000	191.000
4.267	0.000	212.000	206.000
5.059	0.000	226.000	219.000
4.134	0.000	239.000	233.000
4.028	0.000	253.000	247.000
4.275	0.000	268.000	262.000
4.262	0.000	281.000	275.000
3.353	0.000	294.000	289.000
4.238	0.000	309.000	303.000
4.189	0.000	324.000	318.000
4.174	0.000	338.000	332.000
4.142	0.000	352.000	346.000
4.142	0.000	365.000	359.000
3.483	0.000	379.000	374.000
3.430	0.000	392.000	387.000
4.329	0.000	407.000	401.000
0.000	0.000	0.000	0.000
0.000	0.000	0.000	0.000
0.000	0.000	0.000	0.000
