4.114	106.000	14.000	8.000
3.444	78.000	24.000	19.000
1.987	35.000	32.000	29.000
3.255	137.000	44.000	39.000
2.767	47.000	53.000	49.000
4.208	144.000	65.000	59.000
2.771	59.000	75.000	71.000
3.462	207.000	85.000	80.000
2.144	27.000	94.000	91.000
3.478	136.000	104.000	99.000
2.783	67.000	113.000	109.000
2.748	97.000	122.000	118.000
3.455	89.000	132.000	127.000
2.681	125.000	142.000	138.000
2.725	97.000	151.000	147.000
2.858	62.000	159.000	155.000
3.572	55.000	169.000	164.000
2.752	46.000	178.000	174.000
3.442	180.000	189.000	184.000
2.092	59.000	198.000	195.000
3.643	215.000	208.000	203.000
2.803	71.000	217.000	213.000
2.159	54.000	223.000	220.000
3.595	148.000	235.000	230.000
3.486	101.000	251.000	246.000
3.466	168.000	261.000	256.000
2.811	31.000	269.000	265.000
2.810	129.000	278.000	274.000
2.814	114.000	288.000	284.000
2.842	31.000	296.000	292.000
2.669	117.000	308.000	304.000
3.486	70.000	317.000	312.000
2.752	121.000	326.000	322.000
2.756	105.000	336.000	332.000
2.206	31.000	341.000	338.000
2.037	28.000	349.000	346.000
3.423	188.000	359.000	354.000
2.704	36.000	369.000	365.000
2.717	133.000	377.000	373.000
3.396	94.000	388.000	383.000
3.426	125.000	398.000	393.000
2.065	28.000	406.000	403.000
-296.270	46.000	0.000	412.000
0.000	0.000	0.000	0.000
0.000	0.000	0.000	0.000
0.000	0.000	0.000	0.000
0.000	0.000	0.000	0.000
0.000	0.000	0.000	0.000
0.000	0.000	0.000	0.000
