1.608	457.000	11.000	9.000
1.644	512.000	16.000	14.000
1.664	566.000	21.000	19.000
1.675	453.000	25.000	23.000
3.085	441.000	31.000	28.000
1.757	519.000	35.000	33.000
1.667	550.000	39.000	37.000
1.683	648.000	44.000	42.000
1.710	590.000	49.000	47.000
1.776	543.000	54.000	52.000
1.753	449.000	58.000	56.000
3.097	433.000	64.000	61.000
0.886	457.000	67.000	66.000
1.495	742.000	72.000	70.000
1.808	550.000	77.000	75.000
1.851	551.000	82.000	80.000
1.831	578.000	87.000	85.000
3.124	355.000	92.000	89.000
1.694	547.000	96.000	94.000
3.115	305.000	101.000	98.000
2.748	457.000	106.000	103.000
1.655	590.000	110.000	108.000
1.593	520.000	115.000	113.000
1.691	543.000	120.000	118.000
1.628	574.000	125.000	123.000
1.717	481.000	130.000	128.000
2.967	332.000	135.000	132.000
1.819	372.000	140.000	138.000
1.702	536.000	145.000	143.000
4.128	383.000	151.000	148.000
1.577	605.000	157.000	155.000
1.452	633.000	162.000	160.000
1.616	543.000	167.000	165.000
1.600	594.000	172.000	170.000
2.608	555.000	178.000	175.000
1.690	481.000	182.000	180.000
1.691	535.000	187.000	185.000
1.734	527.000	192.000	190.000
3.147	344.000	197.000	194.000
1.671	536.000	201.000	199.000
1.663	614.000	206.000	204.000
1.851	523.000	211.000	209.000
1.839	449.000	216.000	214.000
1.460	754.000	224.000	222.000
2.120	282.000	228.000	226.000
1.714	172.000	234.000	232.000
2.796	496.000	240.000	237.000
1.741	430.000	245.000	243.000
1.694	442.000	249.000	247.000
1.749	532.000	254.000	252.000
1.734	519.000	259.000	257.000
1.776	493.000	264.000	262.000
1.769	559.000	269.000	267.000
2.893	363.000	274.000	271.000
1.757	488.000	279.000	277.000
2.729	480.000	284.000	281.000
-297.486	-285.000	0.000	287.000
