3.940	488.000	6.000	2.000
5.482	547.000	16.000	11.000
3.951	536.000	26.000	23.000
2.826	582.000	35.000	32.000
2.862	422.000	45.000	42.000
2.877	633.000	54.000	51.000
3.979	430.000	63.000	60.000
3.787	528.000	72.000	68.000
2.908	508.000	82.000	79.000
2.764	586.000	93.000	90.000
2.763	457.000	103.000	100.000
2.865	547.000	114.000	111.000
2.846	555.000	124.000	121.000
3.584	461.000	135.000	131.000
2.804	464.000	145.000	142.000
3.744	367.000	156.000	153.000
2.873	535.000	166.000	163.000
2.811	406.000	177.000	174.000
2.519	387.000	186.000	183.000
1.366	723.000	197.000	195.000
4.197	457.000	207.000	203.000
2.776	379.000	217.000	214.000
2.772	543.000	227.000	224.000
3.638	617.000	239.000	235.000
3.003	433.000	248.000	245.000
2.878	555.000	258.000	255.000
2.870	519.000	268.000	265.000
4.029	523.000	278.000	275.000
2.499	433.000	287.000	284.000
-293.667	351.000	0.000	295.000
