3.014	312.000	10.000	7.000
4.155	442.000	17.000	14.000
1.659	531.000	22.000	20.000
3.783	348.000	30.000	26.000
2.881	258.000	36.000	33.000
2.635	450.000	43.000	40.000
1.624	484.000	49.000	47.000
1.499	512.000	57.000	55.000
2.810	305.000	64.000	61.000
1.577	535.000	70.000	68.000
2.405	390.000	77.000	74.000
2.607	321.000	84.000	81.000
2.576	465.000	91.000	88.000
1.734	394.000	97.000	95.000
2.640	453.000	104.000	101.000
2.538	527.000	110.000	107.000
2.921	449.000	118.000	115.000
2.897	301.000	125.000	122.000
1.569	566.000	131.000	129.000
1.647	641.000	137.000	135.000
2.713	575.000	145.000	142.000
1.440	524.000	153.000	151.000
2.600	422.000	159.000	156.000
1.640	430.000	166.000	164.000
1.635	633.000	173.000	171.000
1.581	644.000	179.000	177.000
1.617	632.000	186.000	184.000
1.597	562.000	193.000	191.000
2.573	512.000	200.000	197.000
1.534	656.000	206.000	204.000
2.975	574.000	215.000	212.000
1.620	613.000	220.000	218.000
2.897	457.000	228.000	225.000
1.589	606.000	234.000	232.000
2.546	527.000	241.000	238.000
2.756	407.000	248.000	245.000
2.456	617.000	255.000	252.000
1.726	441.000	261.000	259.000
2.545	488.000	268.000	265.000
3.026	348.000	275.000	272.000
2.859	429.000	282.000	279.000
1.710	508.000	288.000	286.000
2.330	610.000	296.000	293.000
-294.305	207.000	0.000	300.000
0.000	0.000	0.000	0.000
