2.322	407.000	5.000	2.000
1.769	191.000	10.000	8.000
2.643	246.000	16.000	13.000
2.734	253.000	21.000	18.000
2.713	289.000	27.000	24.000
1.725	207.000	32.000	30.000
2.612	273.000	38.000	35.000
2.675	226.000	43.000	40.000
2.655	313.000	49.000	46.000
2.729	203.000	54.000	51.000
1.694	290.000	59.000	57.000
2.678	242.000	65.000	62.000
2.518	227.000	70.000	67.000
2.698	242.000	76.000	73.000
2.580	262.000	81.000	78.000
1.569	266.000	86.000	84.000
2.537	309.000	93.000	90.000
1.574	257.000	98.000	96.000
2.589	281.000	104.000	101.000
2.671	285.000	110.000	107.000
2.706	230.000	115.000	112.000
1.663	223.000	120.000	118.000
2.572	239.000	126.000	123.000
2.456	258.000	132.000	129.000
2.604	266.000	138.000	135.000
2.448	250.000	144.000	141.000
2.502	273.000	149.000	146.000
2.494	231.000	155.000	152.000
2.378	230.000	161.000	158.000
2.409	129.000	166.000	163.000
2.401	270.000	173.000	170.000
2.580	246.000	179.000	176.000
2.503	210.000	185.000	182.000
2.483	164.000	191.000	188.000
2.347	160.000	197.000	194.000
2.362	102.000	202.000	199.000
2.339	218.000	208.000	205.000
3.342	203.000	215.000	211.000
2.487	180.000	221.000	218.000
2.280	102.000	227.000	224.000
2.221	98.000	233.000	230.000
2.175	160.000	240.000	237.000
2.940	187.000	247.000	243.000
2.377	109.000	252.000	249.000
2.260	149.000	259.000	256.000
2.271	153.000	266.000	263.000
2.256	94.000	272.000	269.000
2.940	117.000	279.000	275.000
2.971	121.000	285.000	281.000
2.100	98.000	292.000	289.000
2.912	141.000	299.000	295.000
2.920	152.000	306.000	302.000
2.186	199.000	312.000	309.000
2.284	117.000	318.000	315.000
2.269	168.000	325.000	322.000
2.253	125.000	331.000	328.000
2.284	172.000	337.000	334.000
2.225	168.000	344.000	341.000
2.331	140.000	350.000	347.000
-296.396	59.000	0.000	353.000
0.000	0.000	0.000	0.000
0.000	0.000	0.000	0.000
