2.935	160.000	10.000	6.000
3.728	117.000	19.000	14.000
3.087	137.000	27.000	23.000
2.292	86.000	34.000	31.000
2.908	200.000	44.000	40.000
4.359	133.000	55.000	49.000
3.030	121.000	63.000	59.000
3.111	86.000	71.000	67.000
1.612	35.000	75.000	73.000
3.013	160.000	85.000	81.000
4.478	176.000	98.000	92.000
5.352	211.000	112.000	105.000
5.178	230.000	124.000	117.000
3.115	261.000	135.000	131.000
3.767	215.000	147.000	142.000
3.615	207.000	160.000	155.000
5.243	183.000	174.000	168.000
3.013	106.000	185.000	181.000
4.700	191.000	198.000	192.000
3.701	191.000	210.000	205.000
4.692	156.000	226.000	219.000
3.453	192.000	237.000	232.000
3.625	349.000	249.000	244.000
3.700	305.000	262.000	257.000
4.271	195.000	276.000	270.000
3.600	168.000	288.000	283.000
4.391	246.000	303.000	297.000
3.329	118.000	316.000	311.000
4.832	148.000	327.000	321.000
4.517	235.000	341.000	335.000
3.739	238.000	354.000	349.000
4.353	187.000	367.000	361.000
4.392	258.000	381.000	375.000
0.000	0.000	0.000	0.000
0.000	0.000	0.000	0.000
0.000	0.000	0.000	0.000
0.000	0.000	0.000	0.000
