2.502	0.000	5.000	2.000
2.381	0.000	10.000	7.000
2.316	0.000	16.000	13.000
3.119	0.000	23.000	19.000
2.232	0.000	29.000	26.000
2.296	0.000	35.000	32.000
2.296	0.000	41.000	38.000
3.044	0.000	48.000	44.000
3.112	0.000	55.000	51.000
2.362	0.000	61.000	58.000
2.409	0.000	66.000	63.000
2.538	0.000	73.000	70.000
3.069	0.000	82.000	78.000
3.253	0.000	90.000	86.000
3.046	0.000	98.000	94.000
3.119	0.000	107.000	103.000
3.115	0.000	115.000	111.000
4.104	0.000	123.000	118.000
2.927	0.000	132.000	128.000
3.753	0.000	141.000	136.000
2.948	0.000	149.000	145.000
2.904	0.000	158.000	154.000
2.837	0.000	167.000	163.000
2.757	0.000	176.000	172.000
3.564	0.000	186.000	181.000
2.958	0.000	195.000	191.000
2.908	0.000	204.000	200.000
3.458	0.000	213.000	208.000
3.713	0.000	223.000	218.000
3.006	0.000	231.000	227.000
2.092	0.000	239.000	236.000
3.549	0.000	248.000	243.000
3.002	0.000	257.000	253.000
3.856	0.000	266.000	261.000
3.033	0.000	274.000	270.000
3.810	0.000	283.000	278.000
2.229	0.000	291.000	288.000
3.857	0.000	300.000	295.000
2.964	0.000	308.000	304.000
3.673	0.000	317.000	312.000
3.827	0.000	324.000	321.000
2.991	0.000	332.000	328.000
2.880	0.000	341.000	337.000
3.600	0.000	350.000	345.000
2.919	0.000	360.000	356.000
2.959	0.000	368.000	364.000
3.657	0.000	377.000	372.000
-295.904	0.000	0.000	381.000
0.000	0.000	0.000	0.000
